Tensor[Double, [4, 4, 3]]
[[[0.7412837384867177, -0.5710939522976624, -0.5694713122449784],
  [-0.2615514916802737, 0.7249570378778993, 0.24865363446760846],
  [0.6693755265174318, 0.5767821286158752, -0.5464512229316576],
  [0.7383803863478486, 0.6450595170813567, 0.6470658768571771]],

 [[0.7412837384867177, -0.5710939522976624, -0.6881241695719122],
  [-0.2615514916802737, 0.7249570378778993, 0.06836523957970445],
  [0.6693755265174318, 0.5767821286158752, -0.7267396178195615],
  [0.7383803863478486, 0.6450595170813567, 0.15206587685717715]],

 [[0.5790882324073848, -0.4612221258400863, -0.6400013572920363],
  [-0.27220444522853465, 0.8305541912479492, 0.042117795786274746],
  [0.5258624414874583, 0.5449596427007186, -0.7813844303753594],
  [0.3950529250415783, 0.42386369708415117, 0.24683200792351484]],

 [[0.7412837384867177, -0.6897468096245962, -0.6881241695719122],
  [-0.2615514916802737, 0.5446686429899954, 0.06836523957970445],
  [0.6693755265174318, 0.3964937337279712, -0.7267396178195615],
  [0.7383803863478486, 0.1500595170813566, 0.15206587685717715]]]