1	1	2.528527388917821E-7
1	2	5.162814709739578E-7
1	3	1.0296694441916098E-6
1	4	1.280563544953379E-6
1	5	2.014501270975337E-6
1	6	4.351225249139969E-6
1	7	5.130213228911582E-6
1	8	5.163095271286311E-6
1	9	4.9617533206236294E-6
1	10	4.224296998110748E-6
1	11	3.0298655819447E-5
1	12	2.9216237568696905E-5
1	13	1.1560965871016532E-5
1	14	1.9848123035590055E-5
1	15	1.3149020313198784E-5
1	16	2.2299135356403807E-5
1	17	2.0615297765789793E-5
1	18	2.5139565004810103E-6
1	19	1.5482559991777603E-6
1	20	1.9575492705062408E-6
2	1	6.455061184556751E-7
2	2	1.1812034796775385E-6
2	3	2.169698657058587E-6
2	4	2.807636776235806E-6
2	5	8.000693772548895E-6
2	6	7.230212183791754E-6
2	7	6.212157269680458E-6
2	8	5.612286102086718E-6
2	9	5.057436214795219E-6
2	10	4.581185126014653E-6
2	11	2.2366833972866343E-5
2	12	2.2366370537747816E-5
2	13	1.887823112268015E-5
2	14	2.4224860512432286E-5
2	15	9.760119497429763E-6
2	16	1.4845368276779477E-5
2	17	2.01273413409666E-5
2	18	8.637443916414541E-6
2	19	3.6421375349385754E-6
2	20	2.871941941197038E-6
3	1	7.472320509245415E-7
3	2	2.016892397343205E-6
3	3	3.6362594676957324E-6
3	4	6.158447336377393E-6
3	5	1.828014532617208E-5
3	6	4.591543869087857E-5
3	7	1.4255884214220124E-5
3	8	3.878783563044454E-6
3	9	5.880638289512427E-6
3	10	1.018480004187919E-5
3	11	1.1906391711676297E-5
3	12	1.370657229485788E-5
3	13	2.2128954826814998E-5
3	14	2.3600293099398248E-5
3	15	1.4933806432680173E-5
3	16	1.1824934196388005E-5
3	17	2.241473627325924E-5
3	18	1.6495606623285987E-5
3	19	4.853285704589873E-6
3	20	1.8871962793994826E-6
4	1	1.3897003330221182E-6
4	2	2.8421939112026765E-6
4	3	3.7782601693350538E-6
4	4	6.634364836795241E-6
4	5	8.664079825039291E-6
4	6	6.119164539174408E-5
4	7	9.201639098921675E-5
4	8	4.908034897545674E-5
4	9	1.1995274943656644E-5
4	10	1.2653956079114804E-5
4	11	1.066373440618515E-5
4	12	1.557523051605167E-5
4	13	1.552288770993738E-5
4	14	2.193480275450742E-5
4	15	2.334112801700377E-5
4	16	1.9541223360626634E-5
4	17	1.719409142125997E-5
4	18	1.0818723227273749E-5
4	19	6.0326518379694355E-6
4	20	2.174532886081268E-6
5	1	5.380917938786659E-6
5	2	3.2439391375075624E-6
5	3	2.5450673310581943E-6
5	4	3.300990001563722E-6
5	5	5.023235031105293E-6
5	6	5.201839952606541E-6
5	7	6.856817785599335E-5
5	8	1.537910970152441E-4
5	9	8.510480899940401E-5
5	10	1.1046194515324145E-5
5	11	1.16746481107203E-5
5	12	1.0758703773323595E-5
5	13	9.13973950307349E-6
5	14	2.8538297484871044E-5
5	15	3.164978541429778E-5
5	16	2.072204156422054E-5
5	17	1.3822347265599134E-5
5	18	1.5725089385474326E-5
5	19	7.404504191941731E-6
5	20	5.079228816947299E-6
6	1	8.481097355713093E-6
6	2	4.787880709301322E-6
6	3	3.36395797893155E-6
6	4	5.507510661851588E-6
6	5	6.402963802911822E-6
6	6	4.865155852205121E-6
6	7	7.254534847241871E-6
6	8	1.5053130862841379E-4
6	9	2.5356777962672544E-4
6	10	3.729594438990185E-5
6	11	4.121212309367511E-6
6	12	4.75410721693952E-6
6	13	4.5169135754050404E-5
6	14	3.810433069866345E-5
6	15	2.2432936311027146E-5
6	16	3.760058088696369E-5
6	17	2.9913944839089525E-5
6	18	1.8448366424461296E-5
6	19	9.753886162868593E-6
6	20	6.982229294880665E-6
7	1	5.543225126936267E-6
7	2	5.522709917961786E-6
7	3	5.210105531026627E-6
7	4	6.94751695746868E-6
7	5	5.739340368268608E-6
7	6	7.925313091488905E-6
7	7	9.861068359245545E-6
7	8	1.2003781667056726E-5
7	9	3.370135736103215E-4
7	10	3.920851574656403E-4
7	11	1.8923395947126233E-5
7	12	3.914517306719783E-5
7	13	6.344289867832642E-5
7	14	1.1230765629089009E-5
7	15	5.141881576755565E-5
7	16	7.954723214339102E-5
7	17	3.0046010931670665E-5
7	18	1.592164504669629E-5
7	19	1.0745248061205379E-5
7	20	5.3795355280555925E-6
8	1	1.544179937623409E-6
8	2	3.071161320438892E-6
8	3	5.538802810631714E-6
8	4	5.601284491547261E-6
8	5	5.927475111789757E-6
8	6	7.583386954312405E-6
8	7	4.937641834947588E-6
8	8	3.9405897137487605E-6
8	9	5.5552738679717436E-5
8	10	4.042434599326349E-4
8	11	5.939876249609133E-4
8	12	4.825880931751353E-4
8	13	1.0792166941904657E-4
8	14	1.1881977740343092E-5
8	15	1.2273919303447698E-4
8	16	9.378983863155776E-5
8	17	1.993805424575062E-5
8	18	9.80442954571493E-6
8	19	7.1904231039375675E-6
8	20	5.8069276351630155E-6
9	1	8.361349048476424E-7
9	2	1.878797797106473E-6
9	3	5.9687709628871635E-6
9	4	4.010979724652498E-6
9	5	4.722538050153379E-6
9	6	3.542694990653614E-6
9	7	1.520191615920009E-6
9	8	9.991805546717895E-6
9	9	1.5161346323909564E-5
9	10	8.265824239720487E-5
9	11	4.727759377397761E-4
9	12	8.68897988201089E-4
9	13	0.001182177483215062
9	14	8.39256458965956E-4
9	15	1.6568222403953438E-4
9	16	2.8719820606918304E-5
9	17	7.720418181959385E-6
9	18	6.2466436898499535E-6
9	19	6.344576735911664E-6
9	20	8.38729049133639E-6
10	1	5.88992067052318E-6
10	2	6.696039167997521E-6
10	3	7.644343317358068E-6
10	4	7.775743015727618E-6
10	5	6.7042510423432436E-6
10	6	4.759556979979314E-6
10	7	6.731105992665712E-6
10	8	1.2015265857802906E-5
10	9	8.97605121659436E-6
10	10	2.0671487353444187E-5
10	11	4.1168136887111404E-5
10	12	1.3851198901051627E-4
10	13	8.664516668402699E-4
10	14	0.001808974325260998
10	15	0.002070775905046045
10	16	1.2179580802848751E-4
10	17	4.630260503520857E-6
10	18	6.6286942942194455E-6
10	19	5.849120417745814E-6
10	20	9.440588940726095E-6
11	1	7.925057229283264E-6
11	2	9.797421993722158E-6
11	3	6.628830005354816E-6
11	4	8.581348348215572E-6
11	5	8.069192003768125E-6
11	6	8.975354518935131E-6
11	7	9.852296811247489E-6
11	8	1.0630615588012199E-5
11	9	2.0776907209975863E-5
11	10	4.426231714455409E-5
11	11	3.96854420008742E-5
11	12	3.98492410558458E-5
11	13	5.782607765347716E-5
11	14	3.6396239438170254E-4
11	15	0.0029460603594406226
11	16	0.0026502073475407045
11	17	4.1620989552032734E-5
11	18	7.5364460653504735E-6
11	19	6.418253337380543E-6
11	20	6.405547298536581E-6
12	1	8.917226729966408E-6
12	2	8.588304034159361E-6
12	3	4.380185186369728E-6
12	4	3.2319497093494753E-6
12	5	4.5608520972035564E-6
12	6	7.339311678098392E-6
12	7	1.3456853399143707E-5
12	8	3.837549390096895E-5
12	9	6.354268740860249E-5
12	10	5.351645281893762E-5
12	11	3.323182236028155E-5
12	12	3.219353348035126E-5
12	13	1.4380419365605503E-5
12	14	2.476368775834171E-6
12	15	4.087533967343743E-4
12	16	0.002937487418105905
12	17	0.0020140544289542106
12	18	2.76190509461345E-5
12	19	7.78516644755264E-6
12	20	1.1470114130855539E-5
13	1	8.274689594096641E-6
13	2	4.603637876004256E-6
13	3	3.7283899381989294E-6
13	4	5.574667979548714E-6
13	5	1.0267399903841192E-5
13	6	1.3368087428447772E-5
13	7	2.6938491937350266E-5
13	8	5.2847646359401146E-5
13	9	4.857177688200914E-5
13	10	1.8253011480431334E-5
13	11	1.7152273499470197E-5
13	12	1.8228041614991535E-5
13	13	5.763860262150715E-6
13	14	5.986740488984519E-6
13	15	9.740228273907706E-6
13	16	0.0011158238165190763
13	17	0.0032484388911981897
13	18	0.001349675321629128
13	19	1.0013727055199822E-5
13	20	1.3711096861171285E-5
14	1	3.472174458108349E-6
14	2	2.8169419528405974E-6
14	3	5.163549063507151E-6
14	4	1.2094613616795494E-5
14	5	1.3554347061833605E-5
14	6	1.2260164451397635E-5
14	7	2.2020098708968116E-5
14	8	2.6639531558824755E-5
14	9	1.4927741550446626E-5
14	10	4.768573406078758E-6
14	11	2.0203650214366127E-5
14	12	1.2743819474275951E-5
14	13	4.457507807070139E-6
14	14	8.057862842680284E-6
14	15	4.773858170337485E-6
14	16	5.3142316152036546E-6
14	17	0.0024895854916007908
14	18	0.004161196442162805
14	19	0.0013130067701558484
14	20	4.939154632219015E-5
15	1	1.827561408034389E-6
15	2	3.2018944373360716E-6
15	3	7.1695877874429125E-6
15	4	8.920939244609976E-6
15	5	6.762466422432171E-6
15	6	1.2454504309546778E-5
15	7	1.4362905976616E-5
15	8	1.2566138086597335E-5
15	9	8.054233134064397E-6
15	10	1.622048945578154E-5
15	11	2.2755551108245216E-5
15	12	2.982931175916962E-6
15	13	6.795514932023849E-6
15	14	5.593931187303916E-6
15	15	2.7307792279688247E-6
15	16	4.124201835807948E-6
15	17	2.6348176423774514E-5
15	18	0.0026592273127492854
15	19	0.003639265538045652
15	20	0.0041099148073842325
16	1	1.6474052397091776E-6
16	2	2.1424215631357845E-6
16	3	4.379427990553448E-6
16	4	3.8996526422331315E-6
16	5	7.930319389823042E-6
16	6	1.0233644779259415E-5
16	7	5.324199386513484E-6
16	8	7.830377464396399E-6
16	9	7.002697712856925E-6
16	10	8.130969621625956E-6
16	11	1.2034067932272272E-5
16	12	9.145612115176156E-6
16	13	4.551749941936172E-6
16	14	3.597556876243087E-6
16	15	4.0961790863949905E-6
16	16	4.700128339385725E-6
16	17	6.999075973524819E-6
16	18	2.7829807149288003E-5
16	19	0.0012001311982122562
16	20	0.003457600090064287
17	1	1.87890223334116E-6
17	2	2.4673134614398876E-6
17	3	3.37160505746343E-6
17	4	3.5480773943563924E-6
17	5	4.525121183433337E-6
17	6	2.6581278662205997E-6
17	7	2.9277149184167835E-6
17	8	9.939409478884476E-6
17	9	9.097718231631358E-6
17	10	6.712471717937099E-6
17	11	1.4929551975223814E-5
17	12	1.1660883685149093E-5
17	13	3.4763035791556504E-6
17	14	4.145131707455287E-6
17	15	3.402307310375949E-6
17	16	5.841500926304276E-6
17	17	6.483157949044054E-6
17	18	1.757765523693639E-6
17	19	2.5030629568408675E-6
17	20	4.809872030345196E-6
18	1	1.5155336103676749E-6
18	2	2.0938258180028833E-6
18	3	2.406866423023979E-6
18	4	2.807817162107189E-6
18	5	3.4125025266891252E-6
18	6	2.679176373520692E-6
18	7	4.921704135645695E-6
18	8	1.071191702190442E-5
18	9	8.901848064124233E-6
18	10	7.729540554943567E-6
18	11	1.1630773210788455E-5
18	12	7.854938854549965E-6
18	13	4.115938802523584E-6
18	14	3.2209238017817477E-6
18	15	2.3887389188319685E-6
18	16	4.323445861373435E-6
18	17	4.985485682207066E-6
18	18	3.893902708374864E-6
18	19	3.847982661604844E-6
18	20	2.7831245015063647E-6
19	1	5.557638455841507E-7
19	2	1.2435978006231796E-6
19	3	1.565875826186819E-6
19	4	2.288486885062399E-6
19	5	3.1787540091125756E-6
19	6	2.0467498921691736E-6
19	7	3.338280311439819E-6
19	8	1.3733223926111656E-5
19	9	1.1099844970981608E-5
19	10	3.4309022112363994E-6
19	11	1.2166129391085345E-5
19	12	1.1814891227036693E-5
19	13	3.3052508111746043E-6
19	14	3.1213281170321376E-6
19	15	2.5252750812093263E-6
19	16	4.3230033805071406E-6
19	17	6.949978648991483E-6
19	18	5.268813279686954E-6
19	19	4.4495584333526105E-6
19	20	3.4111976372491E-6
20	1	2.822745596763084E-7
20	2	3.939472676028705E-7
20	3	4.0978484357949166E-7
20	4	1.8793246024141998E-6
20	5	2.8588605768422887E-6
20	6	1.6496817877086114E-6
20	7	9.64142506607635E-6
20	8	1.6210308299111513E-5
20	9	5.989682269886917E-6
20	10	2.750938150571805E-6
20	11	7.75743781141325E-6
20	12	8.658436641087962E-6
20	13	6.182784495916706E-6
20	14	5.080553147794576E-6
20	15	2.4751550737853224E-6
20	16	1.4895303060439484E-6
20	17	7.424810130531057E-6
20	18	9.513224807926203E-6
20	19	5.796972652221855E-6
20	20	2.7450859059637187E-6
